# File generated by CMD 3.0 (http://stev.oapd.inaf.it/cmd) on Fri Oct 12 00:40:22 CEST 2018
# PARSEC isochrones, release v1.2S
# Basic references: Bressan et al. (2012), MNRAS, 427, 127 + Chen et al. (2014, 2015), MNRAS, 444, 2525 + MNRAS, 452, 1068 + Tang et al. (2014), MNRAS, 445, 4287
# Warning: you choose not to include the TP-AGB phase!
# Photometric system: Pan-STARRS1
# Using NBC version of bolometric corrections as in Chen et al. (2014), MNRAS, 444, 2525
# BCs of Carbon stars derive from Aringer et al. (2009, A&A 503, 913)
# O-rich circumstellar dust ignored
# C-rich circumstellar dust ignored
# IMF: Chabrier (2001) lognormal 
# On RGB, assumed Reimers mass loss with efficiency eta=0.2
# Kind of output: isochrone tables
#	Isochrone  Z = 0.00050	Y = 0.24900	[M/H] = -1.492	eta_R = 0.200	Age = 	1.0000e+10 yr
#      Z	log(age/yr)	M_ini   	M_act	logL/Lo	logTe	logG	mbol    gP1     rP1     iP1     zP1     yP1     wP1	int_IMF	stage
	0.000500	10.0000	0.09000000	0.0900	-3.1842	3.4744	5.4262	12.731	16.293	14.498	12.876	12.216	11.990	13.850	1.46765435	1
	0.000500	10.0000	0.10000000	0.1000	-2.8964	3.5155	5.3483	12.011	14.706	13.079	12.020	11.555	11.359	12.817	1.57040203	1
	0.000500	10.0000	0.10643705	0.1064	-2.7987	3.5262	5.3204	11.767	14.266	12.695	11.747	11.322	11.134	12.500	1.63131070	1
	0.000500	10.0000	0.12000000	0.1200	-2.6109	3.5467	5.2667	11.297	13.457	12.002	11.226	10.868	10.697	11.903	1.74782515	1
	0.000500	10.0000	0.12521142	0.1252	-2.5610	3.5509	5.2522	11.173	13.267	11.837	11.092	10.747	10.579	11.753	1.78893864	1
	0.000500	10.0000	0.14000000	0.1400	-2.4302	3.5620	5.2142	10.845	12.776	11.413	10.742	10.428	10.268	11.365	1.89584959	1
	0.000500	10.0000	0.16000000	0.1600	-2.2896	3.5722	5.1724	10.494	12.283	10.985	10.373	10.083	9.932	10.963	2.02115250	1
	0.000500	10.0000	0.20000000	0.2000	-2.0696	3.5855	5.1026	9.944	11.561	10.354	9.803	9.541	9.401	10.356	2.22178221	1
	0.000500	10.0000	0.25000000	0.2500	-1.8644	3.5966	5.0389	9.431	10.915	9.785	9.276	9.035	8.902	9.799	2.40809011	1
	0.000500	10.0000	0.30000001	0.3000	-1.7077	3.6052	4.9954	9.039	10.427	9.355	8.873	8.647	8.521	9.376	2.54750419	1
	0.000500	10.0000	0.34999999	0.3500	-1.5815	3.6124	4.9652	8.724	10.034	9.008	8.549	8.334	8.215	9.035	2.65552020	1
	0.000500	10.0000	0.40000001	0.4000	-1.4407	3.6235	4.9268	8.372	9.568	8.612	8.186	7.989	7.878	8.646	2.74133730	1
	0.000500	10.0000	0.44083834	0.4408	-1.2989	3.6387	4.8879	8.017	9.066	8.201	7.820	7.645	7.546	8.244	2.79923844	1
	0.000500	10.0000	0.44999999	0.4500	-1.2689	3.6419	4.8796	7.942	8.961	8.114	7.743	7.573	7.476	8.159	2.81098008	1
	0.000500	10.0000	0.50000000	0.4999	-1.0767	3.6673	4.8349	7.462	8.261	7.553	7.248	7.114	7.038	7.604	2.86847806	1
	0.000500	10.0000	0.55000001	0.5499	-0.8705	3.6919	4.7685	6.946	7.569	6.978	6.727	6.624	6.568	7.032	2.91663504	1
	0.000500	10.0000	0.60000002	0.5999	-0.6707	3.7183	4.7121	6.447	6.933	6.442	6.237	6.162	6.127	6.495	2.95739889	1
	0.000500	10.0000	0.60333347	0.6032	-0.6570	3.7203	4.7086	6.412	6.890	6.406	6.205	6.131	6.097	6.459	2.95989633	1
	0.000500	10.0000	0.61613673	0.6160	-0.6042	3.7279	4.6953	6.281	6.727	6.268	6.080	6.014	5.986	6.321	2.96925855	1
	0.000500	10.0000	0.63104868	0.6309	-0.5427	3.7366	4.6792	6.127	6.541	6.110	5.936	5.879	5.857	6.162	2.97972417	1
	0.000500	10.0000	0.64480478	0.6446	-0.4859	3.7446	4.6636	5.985	6.373	5.967	5.805	5.755	5.738	6.017	2.98897409	1
	0.000500	10.0000	0.64999998	0.6498	-0.4644	3.7476	4.6575	5.931	6.310	5.913	5.756	5.708	5.693	5.963	2.99236870	1
	0.000500	10.0000	0.65032136	0.6501	-0.4631	3.7478	4.6571	5.928	6.306	5.909	5.752	5.705	5.691	5.960	2.99257708	1
	0.000500	10.0000	0.66588080	0.6657	-0.3981	3.7559	4.6351	5.765	6.119	5.747	5.604	5.564	5.555	5.798	3.00242686	1
	0.000500	10.0000	0.68036240	0.6801	-0.3371	3.7633	4.6130	5.613	5.946	5.597	5.465	5.433	5.428	5.646	3.01120186	1
	0.000500	10.0000	0.69410962	0.6938	-0.2785	3.7701	4.5903	5.466	5.783	5.453	5.332	5.305	5.305	5.501	3.01920295	1
	0.000500	10.0000	0.69999999	0.6997	-0.2530	3.7730	4.5798	5.402	5.712	5.391	5.275	5.251	5.252	5.439	3.02253795	1
	0.000500	10.0000	0.70622224	0.7059	-0.2257	3.7759	4.5679	5.334	5.637	5.325	5.214	5.193	5.196	5.373	3.02600241	1
	0.000500	10.0000	0.71585834	0.7155	-0.1826	3.7802	4.5482	5.227	5.519	5.221	5.117	5.101	5.106	5.268	3.03125215	1
	0.000500	10.0000	0.72500640	0.7246	-0.1409	3.7843	4.5282	5.122	5.406	5.124	5.028	5.015	5.022	5.170	3.03611088	1
	0.000500	10.0000	0.73729199	0.7369	-0.0831	3.7895	4.4986	4.978	5.250	4.989	4.902	4.895	4.903	5.033	3.04245210	1
	0.000500	10.0000	0.74864364	0.7482	-0.0274	3.7942	4.4681	4.838	5.100	4.856	4.777	4.774	4.785	4.898	3.04813170	1
	0.000500	10.0000	0.75000000	0.7495	-0.0206	3.7947	4.4643	4.821	5.081	4.839	4.762	4.759	4.770	4.882	3.04879928	1
	0.000500	10.0000	0.75319928	0.7527	-0.0046	3.7960	4.4552	4.781	5.038	4.801	4.725	4.724	4.736	4.843	3.05036449	1
	0.000500	10.0000	0.76489234	0.7644	0.0567	3.8006	4.4189	4.628	4.874	4.652	4.585	4.589	4.602	4.693	3.05597687	1
	0.000500	10.0000	0.77574682	0.7751	0.1174	3.8047	4.3810	4.477	4.712	4.502	4.442	4.450	4.464	4.542	3.06104016	1
	0.000500	10.0000	0.78541207	0.7847	0.1756	3.8084	4.3426	4.331	4.557	4.358	4.304	4.315	4.331	4.397	3.06543446	1
	0.000500	10.0000	0.79431784	0.7936	0.2330	3.8115	4.3025	4.187	4.405	4.215	4.166	4.180	4.198	4.254	3.06939149	1
	0.000500	10.0000	0.80000001	0.7992	0.2718	3.8133	4.2740	4.090	4.303	4.118	4.073	4.089	4.107	4.157	3.07187057	1
	0.000500	10.0000	0.80480546	0.8040	0.3052	3.8149	4.2495	4.007	4.215	4.035	3.992	4.010	4.029	4.073	3.07393932	1
	0.000500	10.0000	0.81236523	0.8114	0.3615	3.8168	4.2051	3.866	4.068	3.894	3.855	3.875	3.895	3.931	3.07714295	1
	0.000500	10.0000	0.81830281	0.8173	0.4099	3.8177	4.1632	3.745	3.942	3.773	3.735	3.756	3.776	3.809	3.07961655	1
	0.000500	10.0000	0.81994915	0.8189	0.4243	3.8177	4.1498	3.709	3.906	3.736	3.699	3.720	3.740	3.773	3.08029580	1
	0.000500	10.0000	0.82632667	0.8252	0.4850	3.8164	4.0870	3.557	3.754	3.582	3.543	3.563	3.582	3.619	3.08290124	1
	0.000500	10.0000	0.83115238	0.8299	0.5388	3.8128	4.0217	3.423	3.624	3.445	3.401	3.418	3.435	3.482	3.08484578	1
	0.000500	10.0000	0.83197302	0.8307	0.5489	3.8119	4.0080	3.398	3.601	3.419	3.373	3.389	3.406	3.456	3.08517408	2
	0.000500	10.0000	0.83474529	0.8334	0.5866	3.8070	3.9524	3.304	3.515	3.321	3.269	3.280	3.294	3.360	3.08627820	2
	0.000500	10.0000	0.83731467	0.8359	0.6274	3.7992	3.8817	3.201	3.428	3.215	3.151	3.154	3.164	3.255	3.08729506	2
	0.000500	10.0000	0.83921677	0.8378	0.6620	3.7894	3.8085	3.115	3.366	3.120	3.040	3.033	3.040	3.163	3.08804369	2
	0.000500	10.0000	0.84069288	0.8392	0.6906	3.7786	3.7376	3.044	3.326	3.040	2.941	2.924	2.927	3.086	3.08862233	2
	0.000500	10.0000	0.84191906	0.8404	0.7150	3.7678	3.6708	2.982	3.293	2.977	2.860	2.833	2.829	3.023	3.08910131	2
	0.000500	10.0000	0.84301585	0.8414	0.7428	3.7575	3.6023	2.913	3.252	2.907	2.773	2.737	2.727	2.955	3.08952856	2
	0.000500	10.0000	0.84386820	0.8422	0.7763	3.7502	3.5398	2.829	3.190	2.825	2.679	2.636	2.621	2.873	3.08985996	2
	0.000500	10.0000	0.84454602	0.8429	0.8146	3.7455	3.4832	2.734	3.110	2.731	2.577	2.530	2.512	2.779	3.09012270	2
	0.000500	10.0000	0.84478122	0.8431	0.8291	3.7440	3.4628	2.697	3.078	2.695	2.539	2.490	2.472	2.744	3.09021401	3
	0.000500	10.0000	0.84519345	0.8435	0.8593	3.7419	3.4245	2.622	3.009	2.621	2.462	2.410	2.390	2.669	3.09037352	3
	0.000500	10.0000	0.84572381	0.8440	0.9012	3.7395	3.3730	2.517	2.913	2.517	2.354	2.300	2.279	2.566	3.09057856	3
	0.000500	10.0000	0.84631270	0.8445	0.9521	3.7372	3.3132	2.390	2.794	2.391	2.225	2.169	2.145	2.440	3.09080601	3
	0.000500	10.0000	0.84679854	0.8449	0.9977	3.7353	3.2605	2.276	2.686	2.279	2.109	2.052	2.027	2.327	3.09099340	3
	0.000500	10.0000	0.84726268	0.8453	1.0444	3.7337	3.2073	2.159	2.575	2.164	1.991	1.932	1.906	2.212	3.09117222	3
	0.000500	10.0000	0.84773415	0.8457	1.0954	3.7321	3.1500	2.031	2.454	2.038	1.863	1.802	1.774	2.086	3.09135365	3
	0.000500	10.0000	0.84816360	0.8460	1.1456	3.7304	3.0934	1.906	2.334	1.914	1.736	1.674	1.644	1.962	3.09151888	3
	0.000500	10.0000	0.84858394	0.8464	1.1992	3.7287	3.0332	1.772	2.207	1.782	1.602	1.537	1.507	1.830	3.09168029	3
	0.000500	10.0000	0.84893835	0.8466	1.2486	3.7272	2.9779	1.648	2.089	1.660	1.477	1.411	1.380	1.708	3.09181619	3
	0.000500	10.0000	0.84926248	0.8468	1.2980	3.7255	2.9219	1.525	1.971	1.538	1.353	1.285	1.252	1.586	3.09194040	3
	0.000500	10.0000	0.84956920	0.8470	1.3489	3.7238	2.8644	1.398	1.850	1.412	1.225	1.155	1.121	1.460	3.09205794	3
	0.000500	10.0000	0.84983218	0.8471	1.3966	3.7223	2.8106	1.278	1.737	1.294	1.104	1.033	0.998	1.343	3.09215856	3
	0.000500	10.0000	0.85000002	0.8472	1.4296	3.7211	2.7729	1.196	1.659	1.213	1.021	0.949	0.913	1.261	3.09222293	3
	0.000500	10.0000	0.85009199	0.8472	1.4477	3.7205	2.7522	1.151	1.616	1.168	0.976	0.902	0.866	1.217	3.09225798	3
	0.000500	10.0000	0.85030699	0.8473	1.4940	3.7188	2.6991	1.035	1.508	1.055	0.859	0.784	0.746	1.103	3.09234023	3
	0.000500	10.0000	0.85050893	0.8473	1.5414	3.7171	2.6451	0.916	1.396	0.938	0.740	0.663	0.624	0.987	3.09241748	3
	0.000500	10.0000	0.85068882	0.8473	1.5874	3.7153	2.5919	0.802	1.290	0.826	0.625	0.545	0.505	0.874	3.09248614	3
	0.000500	10.0000	0.85086197	0.8473	1.6355	3.7134	2.5363	0.681	1.177	0.709	0.504	0.422	0.381	0.757	3.09255219	3
	0.000500	10.0000	0.85101491	0.8472	1.6820	3.7117	2.4826	0.565	1.069	0.594	0.387	0.303	0.261	0.642	3.09261060	3
	0.000500	10.0000	0.85114795	0.8472	1.7261	3.7098	2.4310	0.455	0.967	0.486	0.275	0.190	0.145	0.534	3.09266138	3
	0.000500	10.0000	0.85127461	0.8470	1.7717	3.7079	2.3776	0.341	0.862	0.374	0.160	0.072	0.027	0.422	3.09270978	3
	0.000500	10.0000	0.85139030	0.8469	1.8169	3.7059	2.3246	0.228	0.758	0.263	0.045	-0.044	-0.091	0.312	3.09275389	3
	0.000500	10.0000	0.85149479	0.8467	1.8609	3.7040	2.2727	0.118	0.658	0.156	-0.066	-0.157	-0.205	0.204	3.09279370	3
	0.000500	10.0000	0.85159278	0.8465	1.9053	3.7021	2.2207	0.007	0.556	0.047	-0.178	-0.271	-0.321	0.095	3.09283090	3
	0.000500	10.0000	0.85168213	0.8462	1.9489	3.7000	2.1686	-0.102	0.458	-0.059	-0.288	-0.384	-0.435	-0.011	3.09286499	3
	0.000500	10.0000	0.85176516	0.8460	1.9923	3.6980	2.1170	-0.211	0.360	-0.164	-0.397	-0.495	-0.547	-0.116	3.09289670	3
	0.000500	10.0000	0.85184348	0.8456	2.0350	3.6959	2.0658	-0.318	0.265	-0.267	-0.504	-0.604	-0.659	-0.219	3.09292650	3
	0.000500	10.0000	0.85192633	0.8452	2.0780	3.6938	2.0143	-0.425	0.170	-0.371	-0.612	-0.714	-0.770	-0.322	3.09295797	3
	0.000500	10.0000	0.85199761	0.8448	2.0988	3.6930	1.9898	-0.477	0.123	-0.421	-0.664	-0.767	-0.825	-0.373	3.09298515	3
	0.000500	10.0000	0.85205579	0.8445	2.0787	3.6943	2.0149	-0.427	0.165	-0.374	-0.614	-0.715	-0.772	-0.325	3.09300733	3
	0.000500	10.0000	0.85206360	0.8444	2.0755	3.6945	2.0190	-0.419	0.172	-0.366	-0.606	-0.707	-0.763	-0.317	3.09301019	3
	0.000500	10.0000	0.85211778	0.8441	2.1147	3.6926	1.9720	-0.517	0.085	-0.461	-0.705	-0.808	-0.866	-0.412	3.09303093	3
	0.000500	10.0000	0.85217154	0.8437	2.1562	3.6904	1.9216	-0.621	-0.005	-0.561	-0.809	-0.915	-0.974	-0.512	3.09305143	3
	0.000500	10.0000	0.85222226	0.8433	2.1981	3.6882	1.8707	-0.725	-0.096	-0.661	-0.913	-1.022	-1.083	-0.612	3.09307075	3
	0.000500	10.0000	0.85226887	0.8429	2.2393	3.6861	1.8207	-0.828	-0.185	-0.759	-1.016	-1.127	-1.190	-0.710	3.09308839	3
	0.000500	10.0000	0.85231149	0.8424	2.2797	3.6838	1.7708	-0.929	-0.271	-0.855	-1.116	-1.230	-1.295	-0.806	3.09310460	3
	0.000500	10.0000	0.85235208	0.8418	2.3209	3.6816	1.7208	-1.032	-0.359	-0.953	-1.218	-1.335	-1.402	-0.904	3.09312010	3
	0.000500	10.0000	0.85238862	0.8412	2.3604	3.6792	1.6714	-1.131	-0.441	-1.046	-1.316	-1.436	-1.505	-0.997	3.09313393	3
	0.000500	10.0000	0.85242391	0.8405	2.4014	3.6770	1.6213	-1.233	-0.527	-1.142	-1.418	-1.540	-1.611	-1.094	3.09314728	3
	0.000500	10.0000	0.85246164	0.8397	2.4487	3.6740	1.5615	-1.352	-0.623	-1.252	-1.534	-1.661	-1.734	-1.204	3.09316182	3
	0.000500	10.0000	0.85249156	0.8389	2.4892	3.6718	1.5116	-1.453	-0.707	-1.347	-1.635	-1.764	-1.839	-1.299	3.09317303	3
	0.000500	10.0000	0.85252386	0.8379	2.5363	3.6688	1.4519	-1.571	-0.801	-1.456	-1.750	-1.884	-1.961	-1.408	3.09318542	3
	0.000500	10.0000	0.85254914	0.8369	2.5760	3.6664	1.4025	-1.670	-0.881	-1.547	-1.847	-1.984	-2.064	-1.500	3.09319496	3
	0.000500	10.0000	0.85257703	0.8357	2.6228	3.6634	1.3427	-1.787	-0.972	-1.654	-1.962	-2.103	-2.185	-1.607	3.09320569	3
	0.000500	10.0000	0.85260272	0.8343	2.6698	3.6604	1.2831	-1.905	-1.064	-1.761	-2.077	-2.222	-2.307	-1.715	3.09321547	3
	0.000500	10.0000	0.85262662	0.8328	2.7170	3.6573	1.2228	-2.023	-1.154	-1.867	-2.190	-2.340	-2.428	-1.822	3.09322453	3
	0.000500	10.0000	0.85264748	0.8312	2.7615	3.6542	1.1649	-2.134	-1.237	-1.966	-2.297	-2.451	-2.542	-1.922	3.09323239	3
	0.000500	10.0000	0.85266769	0.8294	2.8081	3.6511	1.1052	-2.250	-1.324	-2.070	-2.409	-2.568	-2.661	-2.027	3.09324002	3
	0.000500	10.0000	0.85268587	0.8274	2.8531	3.6480	1.0467	-2.363	-1.406	-2.168	-2.516	-2.679	-2.775	-2.126	3.09324694	3
	0.000500	10.0000	0.85270250	0.8253	2.8973	3.6449	0.9888	-2.473	-1.484	-2.265	-2.621	-2.789	-2.888	-2.224	3.09325337	3
	0.000500	10.0000	0.85271847	0.8229	2.9431	3.6418	0.9294	-2.588	-1.559	-2.367	-2.733	-2.906	-3.009	-2.326	3.09325933	3
	0.000500	10.0000	0.85273230	0.8204	2.9857	3.6386	0.8725	-2.694	-1.623	-2.459	-2.836	-3.014	-3.120	-2.418	3.09326458	3
	0.000500	10.0000	0.85274553	0.8175	3.0291	3.6354	0.8150	-2.803	-1.688	-2.552	-2.941	-3.124	-3.233	-2.513	3.09326959	3
	0.000500	10.0000	0.85275829	0.8143	3.0738	3.6323	0.7561	-2.915	-1.755	-2.648	-3.048	-3.238	-3.349	-2.610	3.09327459	3
	0.000500	10.0000	0.85276937	0.8110	3.1151	3.6290	0.6999	-3.018	-1.812	-2.735	-3.147	-3.341	-3.456	-2.698	3.09327865	3
	0.000500	10.0000	0.85278040	0.8070	3.1590	3.6259	0.6413	-3.127	-1.873	-2.826	-3.250	-3.451	-3.569	-2.791	3.09328294	3
	0.000500	10.0000	0.85279065	0.8027	3.2023	3.6227	0.5828	-3.236	-1.932	-2.916	-3.352	-3.559	-3.680	-2.883	3.09328675	3
	0.000500	10.0000	0.85280019	0.7980	3.2449	3.6194	0.5248	-3.342	-1.988	-3.003	-3.452	-3.664	-3.789	-2.972	3.09329033	3
	0.000500	10.0000	0.85280943	0.7925	3.2872	3.6163	0.4670	-3.448	-2.041	-3.087	-3.548	-3.767	-3.895	-3.058	3.09329391	3
	0.000500	10.0000	0.85281277	0.7903	3.3009	3.6153	0.4480	-3.482	-2.059	-3.114	-3.579	-3.800	-3.930	-3.086	3.09329510	4
	0.000500	10.0000	0.85281277	0.7902	1.7581	3.7529	2.5413	0.375	0.707	0.368	0.234	0.194	0.177	0.414	3.09329510	4
	0.000500	10.0000	0.85287106	0.7902	1.7767	3.7512	2.5158	0.328	0.666	0.323	0.185	0.143	0.126	0.368	3.09331727	4
	0.000500	10.0000	0.85293037	0.7901	1.7792	3.7511	2.5127	0.322	0.660	0.317	0.178	0.137	0.119	0.362	3.09333992	4
	0.000500	10.0000	0.85299063	0.7901	1.7807	3.7512	2.5116	0.318	0.656	0.313	0.175	0.133	0.116	0.358	3.09336281	4
	0.000500	10.0000	0.85305029	0.7900	1.7816	3.7515	2.5120	0.316	0.653	0.310	0.173	0.131	0.114	0.356	3.09338546	4
	0.000500	10.0000	0.85311204	0.7900	1.7819	3.7521	2.5139	0.315	0.650	0.309	0.173	0.132	0.115	0.355	3.09340882	4
	0.000500	10.0000	0.85317212	0.7899	1.7818	3.7528	2.5168	0.316	0.647	0.309	0.174	0.134	0.117	0.355	3.09343171	4
	0.000500	10.0000	0.85323679	0.7899	1.7813	3.7536	2.5209	0.317	0.645	0.310	0.177	0.137	0.121	0.355	3.09345627	4
	0.000500	10.0000	0.85329765	0.7898	1.7806	3.7546	2.5253	0.319	0.644	0.311	0.180	0.141	0.126	0.357	3.09347939	4
	0.000500	10.0000	0.85336053	0.7898	1.7798	3.7556	2.5300	0.321	0.642	0.312	0.183	0.145	0.130	0.358	3.09350324	4
	0.000500	10.0000	0.85342002	0.7897	1.7791	3.7565	2.5344	0.322	0.640	0.314	0.186	0.149	0.135	0.359	3.09352565	4
	0.000500	10.0000	0.85348475	0.7897	1.7784	3.7575	2.5389	0.324	0.639	0.315	0.189	0.153	0.139	0.360	3.09355021	4
	0.000500	10.0000	0.85354978	0.7896	1.7779	3.7584	2.5430	0.325	0.637	0.316	0.191	0.157	0.143	0.361	3.09357500	4
	0.000500	10.0000	0.85361147	0.7896	1.7774	3.7591	2.5466	0.326	0.635	0.316	0.194	0.160	0.146	0.362	3.09359837	4
	0.000500	10.0000	0.85367298	0.7896	1.7773	3.7598	2.5492	0.327	0.633	0.316	0.195	0.162	0.149	0.362	3.09362173	4
	0.000500	10.0000	0.85368013	0.7895	1.7772	3.7599	2.5496	0.327	0.633	0.317	0.195	0.162	0.149	0.362	3.09362435	4
	0.000500	10.0000	0.85373414	0.7895	1.7774	3.7602	2.5509	0.327	0.631	0.316	0.195	0.162	0.150	0.361	3.09364486	4
	0.000500	10.0000	0.85379428	0.7895	1.7776	3.7606	2.5521	0.326	0.629	0.315	0.195	0.163	0.150	0.360	3.09366775	4
	0.000500	10.0000	0.85385466	0.7894	1.7782	3.7608	2.5523	0.325	0.627	0.314	0.194	0.162	0.149	0.359	3.09369063	4
	0.000500	10.0000	0.85391682	0.7894	1.7792	3.7607	2.5509	0.322	0.625	0.311	0.191	0.159	0.146	0.356	3.09371400	4
	0.000500	10.0000	0.85397714	0.7893	1.7804	3.7605	2.5489	0.319	0.623	0.308	0.188	0.155	0.143	0.353	3.09373689	4
	0.000500	10.0000	0.85404027	0.7893	1.7822	3.7600	2.5452	0.315	0.620	0.304	0.183	0.150	0.137	0.349	3.09376097	4
	0.000500	10.0000	0.85410154	0.7893	1.7844	3.7594	2.5404	0.309	0.616	0.299	0.176	0.143	0.130	0.344	3.09378409	4
	0.000500	10.0000	0.85412228	0.7892	1.7852	3.7591	2.5386	0.307	0.615	0.297	0.174	0.140	0.127	0.342	3.09379196	4
	0.000500	10.0000	0.85416234	0.7892	1.7870	3.7586	2.5345	0.303	0.613	0.293	0.169	0.134	0.121	0.338	3.09380722	4
	0.000500	10.0000	0.85422331	0.7892	1.7900	3.7576	2.5274	0.295	0.609	0.286	0.160	0.124	0.110	0.331	3.09383011	4
	0.000500	10.0000	0.85428184	0.7891	1.7933	3.7565	2.5200	0.287	0.604	0.278	0.150	0.114	0.099	0.323	3.09385228	4
	0.000500	10.0000	0.85433924	0.7891	1.7970	3.7554	2.5117	0.278	0.599	0.269	0.140	0.102	0.087	0.315	3.09387398	4
	0.000500	10.0000	0.85440099	0.7890	1.8016	3.7542	2.5023	0.266	0.592	0.258	0.126	0.088	0.072	0.304	3.09389734	4
	0.000500	10.0000	0.85445887	0.7890	1.8056	3.7530	2.4935	0.256	0.586	0.249	0.115	0.075	0.058	0.295	3.09391928	4
	0.000500	10.0000	0.85451627	0.7889	1.8122	3.7511	2.4793	0.239	0.576	0.233	0.095	0.054	0.036	0.279	3.09394097	4
	0.000500	10.0000	0.85457420	0.7888	1.8193	3.7494	2.4651	0.222	0.565	0.216	0.075	0.032	0.013	0.262	3.09396291	4
	0.000500	10.0000	0.85463291	0.7888	1.8304	3.7468	2.4437	0.194	0.546	0.189	0.044	-0.002	-0.022	0.236	3.09398532	4
	0.000500	10.0000	0.85469246	0.7887	1.8437	3.7441	2.4194	0.161	0.523	0.157	0.008	-0.041	-0.063	0.204	3.09400773	4
	0.000500	10.0000	0.85474938	0.7886	1.8638	3.7404	2.3845	0.111	0.486	0.109	-0.047	-0.100	-0.124	0.156	3.09402919	4
	0.000500	10.0000	0.85479724	0.7885	1.8979	3.7348	2.3282	0.025	0.422	0.027	-0.139	-0.197	-0.224	0.074	3.09404731	4
	0.000500	10.0000	0.85481912	0.7885	1.9324	3.7298	2.2737	-0.061	0.355	-0.056	-0.230	-0.294	-0.324	-0.008	3.09405565	4
	0.000500	10.0000	0.85482889	0.7885	1.9695	3.7250	2.2173	-0.154	0.283	-0.145	-0.327	-0.396	-0.430	-0.097	3.09405923	4
	0.000500	10.0000	0.85483295	0.7885	2.0052	3.7208	2.1649	-0.243	0.211	-0.231	-0.420	-0.494	-0.530	-0.182	3.09406090	4
	0.000500	10.0000	0.85483497	0.7884	2.0411	3.7171	2.1140	-0.333	0.139	-0.317	-0.513	-0.590	-0.629	-0.268	3.09406161	4
	0.000500	10.0000	0.85483563	0.7884	2.0567	3.7155	2.0921	-0.372	0.107	-0.354	-0.553	-0.632	-0.672	-0.305	3.09406185	7
	0.000500	10.0000	0.85483563	0.7884	2.0572	3.7155	2.0914	-0.373	0.106	-0.355	-0.554	-0.633	-0.673	-0.306	3.09406185	7
	0.000500	10.0000	0.85483634	0.7884	2.0805	3.7134	2.0599	-0.431	0.058	-0.411	-0.614	-0.695	-0.737	-0.362	3.09406209	7
	0.000500	10.0000	0.85483760	0.7884	2.1263	3.7096	1.9987	-0.546	-0.038	-0.521	-0.731	-0.816	-0.861	-0.472	3.09406257	7
	0.000500	10.0000	0.85483867	0.7884	2.1663	3.7064	1.9462	-0.646	-0.122	-0.617	-0.833	-0.921	-0.968	-0.567	3.09406304	7
	0.000500	10.0000	0.85483974	0.7884	2.2056	3.7034	1.8950	-0.744	-0.204	-0.711	-0.933	-1.025	-1.073	-0.661	3.09406352	7
	0.000500	10.0000	0.85484225	0.7884	2.2418	3.7009	1.8487	-0.834	-0.280	-0.798	-1.025	-1.119	-1.170	-0.748	3.09406447	7
	0.000500	10.0000	0.85484433	0.7884	2.2023	3.7040	1.9004	-0.736	-0.199	-0.703	-0.924	-1.016	-1.064	-0.654	3.09406519	7
	0.000500	10.0000	0.85485232	0.7883	2.1578	3.7073	1.9582	-0.625	-0.105	-0.597	-0.811	-0.899	-0.945	-0.548	3.09406829	7
	0.000500	10.0000	0.85488647	0.7880	2.1900	3.7045	1.9144	-0.705	-0.170	-0.673	-0.893	-0.984	-1.032	-0.624	3.09408116	7
	0.000500	10.0000	0.85490710	0.7878	2.2349	3.7009	1.8552	-0.817	-0.263	-0.780	-1.008	-1.102	-1.153	-0.731	3.09408879	7
	0.000500	10.0000	0.85492313	0.7877	2.2693	3.6983	1.8101	-0.903	-0.333	-0.861	-1.094	-1.192	-1.245	-0.812	3.09409499	7
	0.000500	10.0000	0.85494196	0.7874	2.3076	3.6954	1.7601	-0.999	-0.412	-0.952	-1.191	-1.291	-1.347	-0.903	3.09410214	7
	0.000500	10.0000	0.85496002	0.7872	2.3485	3.6924	1.7073	-1.101	-0.496	-1.049	-1.293	-1.398	-1.456	-0.999	3.09410882	7
	0.000500	10.0000	0.85497624	0.7869	2.3895	3.6894	1.6539	-1.204	-0.579	-1.145	-1.396	-1.504	-1.565	-1.096	3.09411502	7
	0.000500	10.0000	0.85499060	0.7866	2.4307	3.6864	1.6007	-1.307	-0.662	-1.241	-1.498	-1.610	-1.672	-1.192	3.09412050	7
	0.000500	10.0000	0.85500348	0.7862	2.4717	3.6834	1.5473	-1.409	-0.744	-1.337	-1.600	-1.715	-1.780	-1.287	3.09412527	7
	0.000500	10.0000	0.85501516	0.7859	2.5130	3.6804	1.4939	-1.512	-0.827	-1.433	-1.702	-1.820	-1.888	-1.383	3.09412980	7
	0.000500	10.0000	0.85502565	0.7855	2.5542	3.6773	1.4403	-1.615	-0.907	-1.527	-1.803	-1.926	-1.996	-1.478	3.09413362	7
	0.000500	10.0000	0.85503519	0.7852	2.5951	3.6743	1.3870	-1.718	-0.986	-1.620	-1.904	-2.030	-2.103	-1.572	3.09413743	7
	0.000500	10.0000	0.85504395	0.7847	2.6360	3.6712	1.3335	-1.820	-1.065	-1.714	-2.004	-2.135	-2.210	-1.665	3.09414053	7
	0.000500	10.0000	0.85505211	0.7843	2.6767	3.6681	1.2802	-1.922	-1.142	-1.806	-2.103	-2.238	-2.316	-1.758	3.09414363	7
	0.000500	10.0000	0.85505992	0.7838	2.7173	3.6650	1.2267	-2.023	-1.217	-1.896	-2.202	-2.341	-2.422	-1.849	3.09414673	7
	0.000500	10.0000	0.85506743	0.7832	2.7577	3.6618	1.1734	-2.124	-1.291	-1.986	-2.300	-2.444	-2.527	-1.940	3.09414959	7
	0.000500	10.0000	0.85507476	0.7826	2.7985	3.6586	1.1195	-2.226	-1.365	-2.076	-2.398	-2.546	-2.633	-2.031	3.09415221	7
	0.000500	10.0000	0.85508138	0.7819	2.8400	3.6553	1.0645	-2.330	-1.439	-2.167	-2.497	-2.650	-2.739	-2.122	3.09415483	7
	0.000500	10.0000	0.85508758	0.7811	2.8807	3.6521	1.0102	-2.432	-1.510	-2.255	-2.593	-2.751	-2.844	-2.212	3.09415722	7
	0.000500	10.0000	0.85509294	0.7803	2.9228	3.6486	0.9539	-2.537	-1.577	-2.347	-2.696	-2.859	-2.954	-2.304	3.09415913	7
	0.000500	10.0000	0.85509712	0.7796	2.9652	3.6451	0.8973	-2.643	-1.641	-2.438	-2.798	-2.967	-3.066	-2.396	3.09416080	7
	0.000500	10.0000	0.85510063	0.7789	3.0058	3.6418	0.8430	-2.744	-1.701	-2.525	-2.896	-3.070	-3.173	-2.484	3.09416199	7
	0.000500	10.0000	0.85510415	0.7781	3.0457	3.6385	0.7893	-2.844	-1.757	-2.610	-2.992	-3.171	-3.277	-2.569	3.09416342	7
	0.000500	10.0000	0.85510725	0.7773	3.0883	3.6348	0.7316	-2.951	-1.814	-2.698	-3.093	-3.279	-3.388	-2.659	3.09416461	7
	0.000500	10.0000	0.85511017	0.7763	3.1588	3.6287	0.6362	-3.127	-1.905	-2.843	-3.259	-3.455	-3.570	-2.806	3.09416556	7
	0.000500	10.0000	0.85511035	0.7762	3.1826	3.6266	0.6040	-3.187	-1.934	-2.890	-3.314	-3.514	-3.631	-2.855	3.09416580	7
	0.000500	10.0000	0.85511053	0.7761	3.2206	3.6232	0.5520	-3.282	-1.977	-2.965	-3.402	-3.608	-3.728	-2.931	3.09416580	7
	0.000500	10.0000	0.85511088	0.7759	3.2669	3.6191	0.4892	-3.397	-2.030	-3.055	-3.507	-3.721	-3.846	-3.024	3.09416580	7
	0.000500	10.0000	0.85511142	0.7756	3.3057	3.6156	0.4363	-3.494	-2.072	-3.128	-3.593	-3.813	-3.943	-3.100	3.09416604	7
	0.000500	10.0000	0.85511154	0.7755	3.3093	3.6153	0.4314	-3.503	-2.076	-3.134	-3.601	-3.822	-3.952	-3.107	3.09416628	7
	0.000500	10.0000	0.85511172	0.7754	3.3076	3.6155	0.4338	-3.499	-2.075	-3.131	-3.597	-3.818	-3.948	-3.104	3.09416628	8
