# File generated by CMD 3.0 (http://stev.oapd.inaf.it/cmd) on Fri Oct 12 02:40:59 CEST 2018
# PARSEC isochrones, release v1.2S
# Basic references: Bressan et al. (2012), MNRAS, 427, 127 + Chen et al. (2014, 2015), MNRAS, 444, 2525 + MNRAS, 452, 1068 + Tang et al. (2014), MNRAS, 445, 4287
# Warning: you choose not to include the TP-AGB phase!
# Photometric system: Pan-STARRS1
# Using NBC version of bolometric corrections as in Chen et al. (2014), MNRAS, 444, 2525
# BCs of Carbon stars derive from Aringer et al. (2009, A&A 503, 913)
# O-rich circumstellar dust ignored
# C-rich circumstellar dust ignored
# IMF: Chabrier (2001) lognormal 
# On RGB, assumed Reimers mass loss with efficiency eta=0.2
# Kind of output: isochrone tables
#	Isochrone  Z = 0.00152	Y = 0.25121	[M/H] = -1.008	eta_R = 0.200	Age = 	1.0000e+10 yr
#      Z	log(age/yr)	M_ini   	M_act	logL/Lo	logTe	logG	mbol    gP1     rP1     iP1     zP1     yP1     wP1	int_IMF	stage
	0.001520	10.0000	0.09000000	0.0900	-3.2387	3.4442	5.3597	12.867	17.313	15.593	13.386	12.487	12.163	14.492	1.46765435	1
	0.001520	10.0000	0.09842298	0.0984	-3.0354	3.4729	5.3102	12.358	16.021	14.374	12.667	11.948	11.679	13.663	1.55486202	1
	0.001520	10.0000	0.10000000	0.1000	-2.9993	3.4780	5.3014	12.268	15.802	14.168	12.544	11.855	11.593	13.518	1.57040203	1
	0.001520	10.0000	0.12000000	0.1200	-2.7179	3.5113	5.2323	11.565	14.344	12.809	11.660	11.145	10.930	12.486	1.74782515	1
	0.001520	10.0000	0.14000000	0.1400	-2.5336	3.5290	5.1859	11.104	13.550	12.084	11.125	10.686	10.491	11.878	1.89584959	1
	0.001520	10.0000	0.16000000	0.1600	-2.3934	3.5403	5.1485	10.753	13.013	11.596	10.736	10.337	10.153	11.446	2.02115250	1
	0.001520	10.0000	0.20000000	0.2000	-2.1747	3.5549	5.0855	10.207	12.246	10.894	10.145	9.794	9.625	10.803	2.22178221	1
	0.001520	10.0000	0.25000000	0.2500	-1.9691	3.5665	5.0231	9.693	11.572	10.274	9.603	9.286	9.127	10.220	2.40809011	1
	0.001520	10.0000	0.30000001	0.3000	-1.8095	3.5753	4.9777	9.294	11.063	9.807	9.185	8.891	8.740	9.776	2.54750419	1
	0.001520	10.0000	0.34999999	0.3500	-1.6777	3.5825	4.9419	8.964	10.647	9.428	8.841	8.565	8.420	9.413	2.65552020	1
	0.001520	10.0000	0.40000001	0.4000	-1.5259	3.5937	4.8927	8.585	10.141	8.982	8.444	8.191	8.055	8.986	2.74133730	1
	0.001520	10.0000	0.43857569	0.4385	-1.3889	3.6066	4.8472	8.242	9.661	8.575	8.083	7.854	7.729	8.594	2.79627371	1
	0.001520	10.0000	0.44999999	0.4500	-1.3505	3.6102	4.8345	8.146	9.528	8.462	7.983	7.760	7.638	8.485	2.81098008	1
	0.001520	10.0000	0.50000000	0.5000	-1.1524	3.6362	4.7863	7.651	8.773	7.856	7.464	7.285	7.183	7.901	2.86847806	1
	0.001520	10.0000	0.55000001	0.5499	-0.9349	3.6686	4.7395	7.107	7.917	7.192	6.898	6.770	6.693	7.252	2.91663504	1
	0.001520	10.0000	0.60000002	0.5999	-0.7359	3.6977	4.6949	6.610	7.198	6.620	6.388	6.297	6.244	6.680	2.95739889	1
	0.001520	10.0000	0.61517256	0.6150	-0.6745	3.7074	4.6829	6.456	6.989	6.451	6.236	6.154	6.110	6.509	2.96856594	1
	0.001520	10.0000	0.63813722	0.6380	-0.5823	3.7218	4.6641	6.226	6.686	6.202	6.011	5.945	5.911	6.259	2.98453903	1
	0.001520	10.0000	0.64999998	0.6498	-0.5347	3.7291	4.6538	6.107	6.536	6.076	5.897	5.838	5.810	6.133	2.99236870	1
	0.001520	10.0000	0.66119993	0.6610	-0.4900	3.7353	4.6416	5.995	6.400	5.961	5.791	5.738	5.714	6.016	2.99951100	1
	0.001520	10.0000	0.67782134	0.6776	-0.4235	3.7444	4.6220	5.829	6.202	5.790	5.635	5.590	5.573	5.845	3.00968838	1
	0.001520	10.0000	0.69326371	0.6930	-0.3613	3.7525	4.6021	5.673	6.020	5.633	5.491	5.453	5.441	5.687	3.01871943	1
	0.001520	10.0000	0.69999999	0.6997	-0.3339	3.7560	4.5927	5.605	5.941	5.565	5.428	5.394	5.384	5.618	3.02253795	1
	0.001520	10.0000	0.70702058	0.7067	-0.3050	3.7595	4.5823	5.532	5.857	5.493	5.361	5.330	5.323	5.546	3.02644253	1
	0.001520	10.0000	0.71790630	0.7176	-0.2596	3.7648	4.5649	5.419	5.729	5.381	5.257	5.231	5.228	5.433	3.03235030	1
	0.001520	10.0000	0.72831196	0.7280	-0.2156	3.7698	4.5469	5.309	5.606	5.272	5.156	5.135	5.134	5.324	3.03783751	1
	0.001520	10.0000	0.73814178	0.7378	-0.1733	3.7743	4.5283	5.203	5.489	5.170	5.061	5.044	5.046	5.220	3.04288316	1
	0.001520	10.0000	0.74749684	0.7471	-0.1322	3.7784	4.5092	5.101	5.376	5.070	4.968	4.955	4.960	5.120	3.04756546	1
	0.001520	10.0000	0.75000000	0.7496	-0.1212	3.7795	4.5039	5.073	5.346	5.043	4.943	4.931	4.936	5.092	3.04879928	1
	0.001520	10.0000	0.75038904	0.7500	-0.1195	3.7796	4.5030	5.069	5.341	5.039	4.939	4.927	4.933	5.088	3.04899025	1
	0.001520	10.0000	0.76069546	0.7603	-0.0730	3.7833	4.4772	4.953	5.215	4.927	4.834	4.825	4.832	4.975	3.05398178	1
	0.001520	10.0000	0.77038717	0.7699	-0.0279	3.7866	4.4509	4.840	5.094	4.818	4.731	4.726	4.733	4.865	3.05855751	1
	0.001520	10.0000	0.77951521	0.7790	0.0162	3.7897	4.4240	4.729	4.975	4.711	4.629	4.627	4.636	4.758	3.06276608	1
	0.001520	10.0000	0.78813446	0.7876	0.0596	3.7924	4.3964	4.621	4.860	4.605	4.528	4.529	4.539	4.651	3.06665325	1
	0.001520	10.0000	0.79587275	0.7953	0.1003	3.7948	4.3695	4.519	4.751	4.505	4.433	4.436	4.446	4.550	3.07007360	1
	0.001520	10.0000	0.80000001	0.7994	0.1228	3.7960	4.3541	4.463	4.692	4.449	4.380	4.384	4.395	4.495	3.07187057	1
	0.001520	10.0000	0.80529296	0.8046	0.1524	3.7976	4.3337	4.389	4.613	4.377	4.310	4.315	4.327	4.421	3.07414770	1
	0.001520	10.0000	0.81580549	0.8151	0.2133	3.8003	4.2893	4.237	4.453	4.226	4.164	4.172	4.185	4.270	3.07858062	1
	0.001520	10.0000	0.82506114	0.8242	0.2701	3.8022	4.2446	4.095	4.305	4.084	4.026	4.036	4.049	4.128	3.08238769	1
	0.001520	10.0000	0.83263206	0.8317	0.3200	3.8032	4.2026	3.970	4.177	3.960	3.903	3.914	3.928	4.003	3.08543730	1
	0.001520	10.0000	0.83465254	0.8337	0.3338	3.8033	4.1905	3.936	4.142	3.925	3.869	3.880	3.894	3.968	3.08624148	1
	0.001520	10.0000	0.84098744	0.8400	0.3811	3.8029	4.1447	3.817	4.023	3.806	3.749	3.760	3.774	3.849	3.08873749	1
	0.001520	10.0000	0.84801811	0.8469	0.4389	3.8007	4.0817	3.673	3.881	3.659	3.600	3.609	3.621	3.703	3.09146285	1
	0.001520	10.0000	0.85000002	0.8489	0.4567	3.7996	4.0604	3.628	3.838	3.614	3.553	3.561	3.572	3.658	3.09222293	1
	0.001520	10.0000	0.85162085	0.8505	0.4715	3.7986	4.0426	3.591	3.803	3.576	3.513	3.521	3.532	3.620	3.09284163	2
	0.001520	10.0000	0.85355872	0.8524	0.4910	3.7966	4.0162	3.543	3.759	3.526	3.460	3.466	3.476	3.570	3.09357834	2
	0.001520	10.0000	0.85735238	0.8561	0.5320	3.7908	3.9537	3.440	3.670	3.420	3.344	3.345	3.352	3.465	3.09501052	2
	0.001520	10.0000	0.86007506	0.8588	0.5640	3.7838	3.8951	3.360	3.610	3.335	3.247	3.241	3.246	3.382	3.09603047	2
	0.001520	10.0000	0.86210346	0.8607	0.5879	3.7758	3.8403	3.300	3.572	3.272	3.171	3.157	3.158	3.320	3.09678602	2
	0.001520	10.0000	0.86398935	0.8626	0.6086	3.7651	3.7778	3.249	3.550	3.219	3.100	3.076	3.071	3.269	3.09748530	2
	0.001520	10.0000	0.86533087	0.8639	0.6249	3.7553	3.7227	3.208	3.538	3.179	3.045	3.012	3.000	3.230	3.09798074	2
	0.001520	10.0000	0.86655557	0.8650	0.6512	3.7459	3.6595	3.142	3.503	3.117	2.968	2.925	2.908	3.168	3.09843183	2
	0.001520	10.0000	0.86750770	0.8660	0.6859	3.7397	3.6004	3.055	3.438	3.034	2.875	2.826	2.805	3.086	3.09878159	2
	0.001520	10.0000	0.86842138	0.8668	0.7305	3.7348	3.5367	2.944	3.344	2.926	2.760	2.706	2.681	2.978	3.09911633	3
	0.001520	10.0000	0.86910754	0.8675	0.7726	3.7321	3.4840	2.839	3.250	2.823	2.654	2.597	2.570	2.876	3.09936738	3
	0.001520	10.0000	0.86977631	0.8681	0.8177	3.7297	3.4298	2.726	3.146	2.713	2.539	2.480	2.452	2.766	3.09961152	3
	0.001520	10.0000	0.87040776	0.8687	0.8643	3.7278	3.3756	2.609	3.037	2.599	2.422	2.361	2.331	2.651	3.09984183	3
	0.001520	10.0000	0.87099624	0.8692	0.9114	3.7260	3.3217	2.491	2.926	2.483	2.303	2.240	2.209	2.536	3.10005617	3
	0.001520	10.0000	0.87154478	0.8697	0.9590	3.7244	3.2680	2.373	2.813	2.366	2.184	2.119	2.087	2.419	3.10025549	3
	0.001520	10.0000	0.87197083	0.8701	0.9987	3.7231	3.2233	2.273	2.719	2.269	2.084	2.018	1.985	2.321	3.10041022	3
	0.001520	10.0000	0.87244594	0.8705	1.0461	3.7216	3.1701	2.155	2.607	2.152	1.965	1.898	1.864	2.204	3.10058260	3
	0.001520	10.0000	0.87291217	0.8709	1.0967	3.7200	3.1132	2.028	2.487	2.028	1.838	1.769	1.734	2.080	3.10075164	3
	0.001520	10.0000	0.87333488	0.8712	1.1468	3.7183	3.0566	1.903	2.369	1.905	1.713	1.642	1.606	1.957	3.10090470	3
	0.001520	10.0000	0.87369877	0.8715	1.1939	3.7167	3.0031	1.785	2.259	1.790	1.595	1.522	1.485	1.842	3.10103631	3
	0.001520	10.0000	0.87404627	0.8717	1.2431	3.7150	2.9472	1.662	2.144	1.670	1.472	1.397	1.358	1.722	3.10116196	3
	0.001520	10.0000	0.87435979	0.8719	1.2916	3.7132	2.8916	1.541	2.031	1.552	1.350	1.274	1.233	1.604	3.10127521	3
	0.001520	10.0000	0.87463915	0.8721	1.3386	3.7114	2.8374	1.423	1.923	1.437	1.232	1.153	1.111	1.489	3.10137582	3
	0.001520	10.0000	0.87489152	0.8722	1.3849	3.7095	2.7838	1.308	1.816	1.324	1.116	1.035	0.992	1.376	3.10146689	3
	0.001520	10.0000	0.87512439	0.8723	1.4315	3.7076	2.7297	1.191	1.709	1.212	1.000	0.917	0.872	1.263	3.10155082	3
	0.001520	10.0000	0.87533504	0.8724	1.4773	3.7057	2.6761	1.077	1.605	1.101	0.885	0.800	0.754	1.152	3.10162687	3
	0.001520	10.0000	0.87552160	0.8724	1.5213	3.7037	2.6244	0.967	1.505	0.994	0.776	0.688	0.640	1.046	3.10169387	3
	0.001520	10.0000	0.87569666	0.8724	1.5660	3.7017	2.5716	0.855	1.404	0.887	0.664	0.574	0.524	0.938	3.10175705	3
	0.001520	10.0000	0.87585801	0.8724	1.6107	3.6997	2.5187	0.743	1.303	0.779	0.553	0.461	0.409	0.830	3.10181499	3
	0.001520	10.0000	0.87600476	0.8724	1.6547	3.6976	2.4663	0.633	1.205	0.673	0.443	0.348	0.295	0.724	3.10186768	3
	0.001520	10.0000	0.87612963	0.8723	1.6951	3.6956	2.4179	0.532	1.116	0.576	0.342	0.245	0.190	0.627	3.10191274	3
	0.001520	10.0000	0.87625182	0.8722	1.7377	3.6935	2.3669	0.426	1.021	0.474	0.235	0.136	0.080	0.524	3.10195661	3
	0.001520	10.0000	0.87636346	0.8721	1.7792	3.6913	2.3166	0.322	0.930	0.374	0.132	0.029	-0.028	0.425	3.10199666	3
	0.001520	10.0000	0.87646741	0.8720	1.8201	3.6892	2.2671	0.220	0.841	0.276	0.030	-0.075	-0.134	0.327	3.10203409	3
	0.001520	10.0000	0.87656426	0.8718	1.8591	3.6871	2.2197	0.122	0.757	0.184	-0.067	-0.174	-0.235	0.235	3.10206890	3
	0.001520	10.0000	0.87666559	0.8715	1.8952	3.6852	2.1758	0.032	0.679	0.099	-0.156	-0.266	-0.328	0.149	3.10210514	3
	0.001520	10.0000	0.87675941	0.8713	1.9171	3.6841	2.1496	-0.023	0.631	0.047	-0.210	-0.321	-0.384	0.097	3.10213900	3
	0.001520	10.0000	0.87684536	0.8711	1.8927	3.6859	2.1810	0.038	0.681	0.103	-0.150	-0.259	-0.321	0.154	3.10216975	3
	0.001520	10.0000	0.87687546	0.8710	1.8812	3.6867	2.1958	0.067	0.704	0.130	-0.122	-0.229	-0.291	0.180	3.10218048	3
	0.001520	10.0000	0.87693369	0.8709	1.9125	3.6850	2.1574	-0.011	0.637	0.056	-0.199	-0.309	-0.372	0.106	3.10220146	3
	0.001520	10.0000	0.87701207	0.8706	1.9551	3.6826	2.1050	-0.118	0.547	-0.044	-0.304	-0.417	-0.482	0.006	3.10222960	3
	0.001520	10.0000	0.87708604	0.8704	1.9976	3.6801	2.0526	-0.224	0.457	-0.144	-0.409	-0.525	-0.591	-0.094	3.10225606	3
	0.001520	10.0000	0.87715542	0.8701	2.0402	3.6776	1.9998	-0.330	0.368	-0.243	-0.513	-0.633	-0.701	-0.193	3.10228109	3
	0.001520	10.0000	0.87721837	0.8697	2.0815	3.6751	1.9484	-0.434	0.284	-0.340	-0.615	-0.738	-0.809	-0.290	3.10230350	3
	0.001520	10.0000	0.87727773	0.8694	2.1234	3.6726	1.8960	-0.539	0.199	-0.438	-0.719	-0.845	-0.918	-0.388	3.10232496	3
	0.001520	10.0000	0.87733078	0.8690	2.1639	3.6700	1.8452	-0.640	0.118	-0.532	-0.819	-0.948	-1.023	-0.482	3.10234380	3
	0.001520	10.0000	0.87738007	0.8685	2.2045	3.6675	1.7941	-0.741	0.038	-0.625	-0.918	-1.050	-1.128	-0.576	3.10236168	3
	0.001520	10.0000	0.87742442	0.8680	2.2436	3.6649	1.7446	-0.839	-0.039	-0.715	-1.014	-1.150	-1.229	-0.666	3.10237741	3
	0.001520	10.0000	0.87746751	0.8675	2.2845	3.6622	1.6928	-0.941	-0.118	-0.809	-1.114	-1.253	-1.335	-0.760	3.10239291	3
	0.001520	10.0000	0.87751460	0.8668	2.3329	3.6590	1.6311	-1.062	-0.210	-0.918	-1.232	-1.375	-1.460	-0.870	3.10240984	3
	0.001520	10.0000	0.87755817	0.8660	2.3819	3.6557	1.5683	-1.185	-0.302	-1.028	-1.349	-1.498	-1.585	-0.980	3.10242534	3
	0.001520	10.0000	0.87759846	0.8651	2.4314	3.6523	1.5048	-1.308	-0.393	-1.138	-1.468	-1.621	-1.712	-1.090	3.10243988	3
	0.001520	10.0000	0.87763375	0.8642	2.4785	3.6489	1.4438	-1.426	-0.479	-1.241	-1.580	-1.738	-1.832	-1.195	3.10245252	3
	0.001520	10.0000	0.87766743	0.8631	2.5275	3.6455	1.3805	-1.549	-0.567	-1.348	-1.696	-1.859	-1.956	-1.303	3.10246444	3
	0.001520	10.0000	0.87769836	0.8619	2.5766	3.6419	1.3165	-1.672	-0.653	-1.454	-1.811	-1.980	-2.080	-1.410	3.10247564	3
	0.001520	10.0000	0.87772602	0.8606	2.6242	3.6384	1.2544	-1.790	-0.735	-1.557	-1.922	-2.096	-2.200	-1.513	3.10248542	3
	0.001520	10.0000	0.87775177	0.8591	2.6721	3.6349	1.1914	-1.910	-0.816	-1.658	-2.034	-2.214	-2.321	-1.616	3.10249472	3
	0.001520	10.0000	0.87777591	0.8575	2.7210	3.6312	1.1271	-2.032	-0.897	-1.762	-2.148	-2.333	-2.444	-1.721	3.10250330	3
	0.001520	10.0000	0.87779707	0.8557	2.7672	3.6277	1.0659	-2.148	-0.972	-1.858	-2.254	-2.445	-2.559	-1.819	3.10251093	3
	0.001520	10.0000	0.87781727	0.8537	2.8148	3.6240	1.0026	-2.267	-1.048	-1.956	-2.363	-2.560	-2.678	-1.919	3.10251832	3
	0.001520	10.0000	0.87783629	0.8515	2.8632	3.6202	0.9379	-2.388	-1.115	-2.056	-2.477	-2.680	-2.802	-2.021	3.10252500	3
	0.001520	10.0000	0.87785304	0.8490	2.9094	3.6166	0.8760	-2.503	-1.174	-2.149	-2.583	-2.793	-2.918	-2.116	3.10253096	3
	0.001520	10.0000	0.87786919	0.8462	2.9575	3.6128	0.8114	-2.624	-1.236	-2.246	-2.694	-2.910	-3.039	-2.215	3.10253692	3
	0.001520	10.0000	0.87788427	0.8431	3.0058	3.6090	0.7461	-2.744	-1.295	-2.341	-2.804	-3.027	-3.161	-2.313	3.10254216	3
	0.001520	10.0000	0.87789792	0.8396	3.0526	3.6053	0.6826	-2.862	-1.350	-2.432	-2.909	-3.139	-3.277	-2.406	3.10254717	3
	0.001520	10.0000	0.87791103	0.8356	3.1010	3.6014	0.6165	-2.982	-1.405	-2.525	-3.017	-3.255	-3.397	-2.502	3.10255170	3
	0.001520	10.0000	0.87792355	0.8310	3.1506	3.5974	0.5486	-3.106	-1.460	-2.618	-3.127	-3.372	-3.519	-2.600	3.10255623	3
	0.001520	10.0000	0.87793493	0.8258	3.1991	3.5934	0.4814	-3.228	-1.511	-2.708	-3.234	-3.486	-3.638	-2.694	3.10256028	3
	0.001520	10.0000	0.87794596	0.8197	3.2493	3.5892	0.4112	-3.353	-1.562	-2.798	-3.342	-3.603	-3.760	-2.789	3.10256433	3
	0.001520	10.0000	0.87795621	0.8128	3.2983	3.5850	0.3419	-3.476	-1.606	-2.882	-3.446	-3.716	-3.878	-2.879	3.10256791	3
	0.001520	10.0000	0.87796468	0.8060	3.3378	3.5817	0.2852	-3.575	-1.641	-2.949	-3.529	-3.807	-3.974	-2.952	3.10257101	4
	0.001520	10.0000	0.87796468	0.8060	1.7507	3.7284	2.4593	0.393	0.810	0.386	0.211	0.150	0.118	0.436	3.10257101	4
	0.001520	10.0000	0.87803024	0.8060	1.7666	3.7273	2.4388	0.353	0.776	0.347	0.170	0.108	0.076	0.397	3.10259438	4
	0.001520	10.0000	0.87809366	0.8059	1.7696	3.7271	2.4351	0.346	0.769	0.339	0.162	0.100	0.068	0.390	3.10261726	4
	0.001520	10.0000	0.87815827	0.8059	1.7714	3.7272	2.4335	0.342	0.764	0.335	0.158	0.096	0.063	0.385	3.10264015	4
	0.001520	10.0000	0.87822324	0.8058	1.7721	3.7275	2.4339	0.340	0.761	0.333	0.156	0.094	0.062	0.383	3.10266352	4
	0.001520	10.0000	0.87828869	0.8057	1.7719	3.7279	2.4359	0.340	0.759	0.333	0.157	0.096	0.064	0.383	3.10268688	4
	0.001520	10.0000	0.87835515	0.8057	1.7712	3.7285	2.4389	0.342	0.758	0.334	0.159	0.098	0.067	0.384	3.10271072	4
	0.001520	10.0000	0.87842053	0.8056	1.7702	3.7291	2.4424	0.344	0.758	0.336	0.162	0.102	0.071	0.386	3.10273409	4
	0.001520	10.0000	0.87848759	0.8056	1.7690	3.7298	2.4462	0.347	0.758	0.338	0.165	0.106	0.075	0.388	3.10275817	4
	0.001520	10.0000	0.87855083	0.8055	1.7680	3.7304	2.4496	0.350	0.758	0.340	0.168	0.110	0.080	0.390	3.10278058	4
	0.001520	10.0000	0.87861955	0.8055	1.7671	3.7310	2.4531	0.352	0.758	0.342	0.171	0.113	0.083	0.392	3.10280514	4
	0.001520	10.0000	0.87868017	0.8054	1.7663	3.7316	2.4559	0.354	0.757	0.343	0.174	0.116	0.087	0.393	3.10282683	4
	0.001520	10.0000	0.87874711	0.8054	1.7656	3.7321	2.4588	0.356	0.757	0.344	0.176	0.119	0.090	0.395	3.10285091	4
	0.001520	10.0000	0.87881213	0.8053	1.7651	3.7326	2.4613	0.357	0.756	0.345	0.178	0.121	0.093	0.395	3.10287404	4
	0.001520	10.0000	0.87887657	0.8053	1.7647	3.7330	2.4634	0.358	0.755	0.346	0.179	0.123	0.095	0.396	3.10289717	4
	0.001520	10.0000	0.87889129	0.8052	1.7646	3.7331	2.4638	0.358	0.755	0.346	0.179	0.123	0.095	0.396	3.10290241	4
	0.001520	10.0000	0.87894064	0.8052	1.7646	3.7334	2.4649	0.359	0.754	0.346	0.180	0.124	0.096	0.396	3.10292006	4
	0.001520	10.0000	0.87900901	0.8051	1.7646	3.7337	2.4659	0.358	0.753	0.345	0.180	0.124	0.096	0.395	3.10294437	4
	0.001520	10.0000	0.87907618	0.8051	1.7650	3.7339	2.4664	0.358	0.751	0.344	0.179	0.124	0.096	0.394	3.10296845	4
	0.001520	10.0000	0.87913907	0.8050	1.7656	3.7340	2.4662	0.356	0.749	0.343	0.178	0.123	0.095	0.393	3.10299087	4
	0.001520	10.0000	0.87920266	0.8050	1.7664	3.7340	2.4656	0.354	0.747	0.341	0.176	0.121	0.093	0.391	3.10301352	4
	0.001520	10.0000	0.87926686	0.8049	1.7677	3.7340	2.4640	0.351	0.744	0.337	0.172	0.117	0.089	0.388	3.10303640	4
	0.001520	10.0000	0.87933427	0.8049	1.7693	3.7338	2.4616	0.347	0.740	0.333	0.168	0.113	0.085	0.384	3.10306048	4
	0.001520	10.0000	0.87935835	0.8049	1.7700	3.7337	2.4605	0.345	0.739	0.332	0.166	0.111	0.083	0.382	3.10306907	4
	0.001520	10.0000	0.87940377	0.8048	1.7716	3.7335	2.4582	0.341	0.736	0.328	0.162	0.107	0.078	0.378	3.10308528	4
	0.001520	10.0000	0.87947285	0.8048	1.7742	3.7331	2.4541	0.335	0.731	0.322	0.155	0.099	0.071	0.372	3.10310984	4
	0.001520	10.0000	0.87954307	0.8047	1.7775	3.7326	2.4486	0.326	0.725	0.314	0.146	0.090	0.061	0.364	3.10313487	4
	0.001520	10.0000	0.87960857	0.8047	1.7806	3.7322	2.4436	0.318	0.719	0.306	0.138	0.081	0.052	0.357	3.10315824	4
	0.001520	10.0000	0.87967396	0.8046	1.7853	3.7313	2.4356	0.307	0.710	0.295	0.126	0.068	0.038	0.346	3.10318160	4
	0.001520	10.0000	0.87973988	0.8045	1.7907	3.7304	2.4265	0.293	0.701	0.282	0.111	0.053	0.022	0.333	3.10320520	4
	0.001520	10.0000	0.87980825	0.8045	1.7967	3.7295	2.4168	0.278	0.690	0.268	0.096	0.036	0.005	0.319	3.10322952	4
	0.001520	10.0000	0.87987560	0.8044	1.8010	3.7289	2.4099	0.267	0.682	0.258	0.084	0.024	-0.007	0.309	3.10325360	4
	0.001520	10.0000	0.87994200	0.8043	1.8105	3.7274	2.3946	0.244	0.664	0.236	0.059	-0.002	-0.035	0.286	3.10327721	4
	0.001520	10.0000	0.88001132	0.8042	1.8254	3.7253	2.3712	0.207	0.636	0.201	0.021	-0.043	-0.077	0.251	3.10330176	4
	0.001520	10.0000	0.88007784	0.8041	1.8509	3.7218	2.3318	0.143	0.588	0.140	-0.046	-0.114	-0.150	0.191	3.10332561	4
	0.001520	10.0000	0.88012624	0.8041	1.8895	3.7169	2.2735	0.046	0.515	0.049	-0.146	-0.218	-0.258	0.101	3.10334277	4
	0.001520	10.0000	0.88014883	0.8040	1.9318	3.7118	2.2109	-0.059	0.435	-0.049	-0.254	-0.332	-0.375	0.002	3.10335088	4
	0.001520	10.0000	0.88015711	0.8040	1.9695	3.7075	2.1556	-0.154	0.363	-0.137	-0.350	-0.433	-0.479	-0.085	3.10335374	4
	0.001520	10.0000	0.88016117	0.8040	2.0102	3.7030	2.0973	-0.255	0.285	-0.232	-0.452	-0.540	-0.590	-0.180	3.10335517	4
	0.001520	10.0000	0.88016325	0.8040	2.0504	3.6988	2.0402	-0.356	0.208	-0.325	-0.553	-0.646	-0.699	-0.273	3.10335588	4
	0.001520	10.0000	0.88016391	0.8040	2.0677	3.6971	2.0161	-0.399	0.175	-0.365	-0.596	-0.691	-0.745	-0.312	3.10335612	7
	0.001520	10.0000	0.88016462	0.8040	2.0923	3.6948	1.9822	-0.461	0.127	-0.421	-0.658	-0.755	-0.811	-0.369	3.10335636	7
	0.001520	10.0000	0.88016593	0.8040	2.1375	3.6907	1.9206	-0.574	0.040	-0.526	-0.771	-0.873	-0.932	-0.474	3.10335684	7
	0.001520	10.0000	0.88016695	0.8039	2.1728	3.6875	1.8724	-0.662	-0.026	-0.606	-0.857	-0.964	-1.025	-0.554	3.10335732	7
	0.001520	10.0000	0.88016802	0.8039	2.1915	3.6859	1.8475	-0.709	-0.062	-0.649	-0.903	-1.012	-1.074	-0.597	3.10335779	7
	0.001520	10.0000	0.88016963	0.8039	2.2070	3.6847	1.8271	-0.748	-0.093	-0.685	-0.941	-1.052	-1.115	-0.633	3.10335827	7
	0.001520	10.0000	0.88017261	0.8039	2.1789	3.6873	1.8656	-0.677	-0.040	-0.621	-0.873	-0.980	-1.041	-0.569	3.10335922	7
	0.001520	10.0000	0.88017577	0.8039	2.1636	3.6886	1.8860	-0.639	-0.011	-0.587	-0.835	-0.941	-1.001	-0.534	3.10336041	7
	0.001520	10.0000	0.88019776	0.8037	2.1535	3.6893	1.8988	-0.614	0.009	-0.563	-0.810	-0.915	-0.975	-0.511	3.10336828	7
	0.001520	10.0000	0.88022190	0.8035	2.1822	3.6866	1.8591	-0.685	-0.044	-0.627	-0.880	-0.988	-1.050	-0.575	3.10337687	7
	0.001520	10.0000	0.88024330	0.8033	2.2195	3.6832	1.8080	-0.779	-0.113	-0.712	-0.972	-1.084	-1.149	-0.660	3.10338449	7
	0.001520	10.0000	0.88026637	0.8030	2.2688	3.6787	1.7407	-0.902	-0.204	-0.823	-1.092	-1.210	-1.278	-0.771	3.10339260	7
	0.001520	10.0000	0.88028669	0.8027	2.3130	3.6748	1.6809	-1.012	-0.285	-0.922	-1.200	-1.323	-1.395	-0.871	3.10339999	7
	0.001520	10.0000	0.88030475	0.8024	2.3548	3.6712	1.6242	-1.117	-0.361	-1.016	-1.302	-1.430	-1.504	-0.965	3.10340643	7
	0.001520	10.0000	0.88032049	0.8021	2.3959	3.6676	1.5688	-1.220	-0.434	-1.107	-1.402	-1.534	-1.612	-1.057	3.10341191	7
	0.001520	10.0000	0.88033438	0.8018	2.4362	3.6641	1.5143	-1.320	-0.505	-1.196	-1.499	-1.636	-1.717	-1.147	3.10341692	7
	0.001520	10.0000	0.88034678	0.8015	2.4760	3.6607	1.4607	-1.420	-0.576	-1.284	-1.595	-1.737	-1.820	-1.235	3.10342145	7
	0.001520	10.0000	0.88035786	0.8011	2.5155	3.6573	1.4073	-1.519	-0.644	-1.369	-1.689	-1.835	-1.922	-1.321	3.10342526	7
	0.001520	10.0000	0.88036799	0.8007	2.5551	3.6538	1.3536	-1.618	-0.711	-1.454	-1.782	-1.934	-2.023	-1.406	3.10342884	7
	0.001520	10.0000	0.88037735	0.8003	2.5949	3.6503	1.2997	-1.717	-0.778	-1.539	-1.876	-2.032	-2.125	-1.492	3.10343218	7
	0.001520	10.0000	0.88038594	0.7999	2.6342	3.6469	1.2464	-1.816	-0.842	-1.622	-1.967	-2.129	-2.225	-1.576	3.10343528	7
	0.001520	10.0000	0.88039404	0.7994	2.6738	3.6434	1.1925	-1.914	-0.906	-1.704	-2.059	-2.226	-2.325	-1.659	3.10343814	7
	0.001520	10.0000	0.88040191	0.7989	2.7132	3.6399	1.1389	-2.013	-0.969	-1.787	-2.150	-2.322	-2.424	-1.743	3.10344100	7
	0.001520	10.0000	0.88040954	0.7982	2.7527	3.6364	1.0850	-2.112	-1.029	-1.867	-2.241	-2.418	-2.524	-1.825	3.10344362	7
	0.001520	10.0000	0.88041657	0.7976	2.7919	3.6329	1.0315	-2.210	-1.089	-1.947	-2.330	-2.513	-2.622	-1.906	3.10344625	7
	0.001520	10.0000	0.88042319	0.7968	2.8307	3.6294	0.9784	-2.307	-1.144	-2.026	-2.420	-2.608	-2.721	-1.986	3.10344863	7
	0.001520	10.0000	0.88042927	0.7960	2.8692	3.6260	0.9256	-2.403	-1.192	-2.104	-2.509	-2.704	-2.819	-2.065	3.10345078	7
	0.001520	10.0000	0.88043398	0.7953	2.9057	3.6227	0.8755	-2.494	-1.237	-2.177	-2.593	-2.794	-2.912	-2.140	3.10345244	7
	0.001520	10.0000	0.88043755	0.7947	2.9414	3.6194	0.8266	-2.583	-1.280	-2.248	-2.675	-2.881	-3.003	-2.212	3.10345364	7
	0.001520	10.0000	0.88044089	0.7940	2.9789	3.6160	0.7750	-2.677	-1.322	-2.320	-2.760	-2.972	-3.097	-2.287	3.10345483	7
	0.001520	10.0000	0.88044411	0.7933	3.0186	3.6124	0.7204	-2.776	-1.365	-2.396	-2.849	-3.067	-3.197	-2.365	3.10345602	7
	0.001520	10.0000	0.88044715	0.7925	3.0599	3.6086	0.6634	-2.880	-1.409	-2.473	-2.941	-3.166	-3.300	-2.446	3.10345697	7
	0.001520	10.0000	0.88044935	0.7918	3.0952	3.6054	0.6148	-2.968	-1.444	-2.539	-3.019	-3.249	-3.387	-2.513	3.10345793	7
	0.001520	10.0000	0.88045007	0.7915	3.0952	3.6054	0.6149	-2.968	-1.445	-2.539	-3.019	-3.249	-3.387	-2.513	3.10345817	7
	0.001520	10.0000	0.88045013	0.7915	3.0824	3.6066	0.6323	-2.936	-1.432	-2.515	-2.991	-3.219	-3.355	-2.489	3.10345817	7
	0.001520	10.0000	0.88045019	0.7915	3.0700	3.6077	0.6494	-2.905	-1.420	-2.493	-2.963	-3.190	-3.325	-2.465	3.10345817	7
	0.001520	10.0000	0.88045019	0.7915	3.0818	3.6066	0.6330	-2.935	-1.431	-2.514	-2.989	-3.218	-3.354	-2.488	3.10345817	7
	0.001520	10.0000	0.88045031	0.7915	3.0979	3.6051	0.6110	-2.975	-1.447	-2.544	-3.025	-3.256	-3.394	-2.518	3.10345817	7
	0.001520	10.0000	0.88045031	0.7914	3.1136	3.6037	0.5895	-3.014	-1.462	-2.573	-3.059	-3.293	-3.432	-2.548	3.10345817	7
	0.001520	10.0000	0.88045049	0.7914	3.1295	3.6022	0.5675	-3.054	-1.478	-2.602	-3.094	-3.330	-3.471	-2.579	3.10345817	7
	0.001520	10.0000	0.88045067	0.7913	3.1459	3.6006	0.5449	-3.095	-1.493	-2.632	-3.129	-3.369	-3.511	-2.609	3.10345840	7
	0.001520	10.0000	0.88045096	0.7912	3.1642	3.5989	0.5197	-3.140	-1.510	-2.664	-3.169	-3.411	-3.556	-2.644	3.10345840	7
	0.001520	10.0000	0.88045150	0.7909	3.1842	3.5970	0.4920	-3.190	-1.527	-2.699	-3.212	-3.458	-3.605	-2.681	3.10345864	7
	0.001520	10.0000	0.88045216	0.7905	3.2042	3.5951	0.4642	-3.241	-1.546	-2.734	-3.254	-3.504	-3.653	-2.718	3.10345888	7
	0.001520	10.0000	0.88045382	0.7895	3.2434	3.5915	0.4098	-3.339	-1.581	-2.802	-3.337	-3.595	-3.749	-2.790	3.10345936	7
	0.001520	10.0000	0.88045400	0.7894	3.2457	3.5913	0.4067	-3.344	-1.583	-2.806	-3.342	-3.600	-3.754	-2.795	3.10345960	7
	0.001520	10.0000	0.88045406	0.7893	3.2460	3.5913	0.4063	-3.345	-1.584	-2.807	-3.343	-3.600	-3.755	-2.795	3.10345960	8
